.Random.seed <-
c(403L, 280L, 2059015023L, -1397766879L, -2060477472L, -618503858L, 
616012467L, -1465275942L, 1622209723L, 330430249L, -968700633L, 
-2040467956L, 1282956664L, -1098210055L, 1335709237L, -1139191807L, 
-411894076L, 48569527L, 529323586L, -1745025452L, 560967918L, 
1686178166L, -2040174731L, 15440563L, -1405711119L, 991705862L, 
-1408487942L, -1283358711L, 1646414493L, -1883385233L, 1678895379L, 
-1014587634L, -2030400320L, 879009273L, 597626476L, -91988230L, 
-1725407541L, 121504898L, 2120087555L, -1676361121L, -1433734686L, 
1419031740L, 537276643L, -1374109045L, 677765320L, -1902753855L, 
174165260L, -1593720927L, -814960669L, 1243789608L, 654727817L, 
379001416L, -1817971653L, -1649853123L, -523674156L, 1187173011L, 
-1246948709L, 1176430831L, 1940292803L, 154458857L, 1013918668L, 
143912446L, -1619073400L, 1015815255L, 1163019033L, 516620920L, 
-928151962L, 1801013092L, -980972130L, 381654073L, 1784265818L, 
-1953914197L, -777640920L, 1679727187L, -1280466987L, 84206184L, 
218712990L, 170231391L, -2137101614L, -1459433007L, 1406138075L, 
-1044957193L, 1389179593L, -1007238945L, 337769942L, -1592375278L, 
1645357100L, 1417134257L, -1106570423L, 64650412L, 1924290862L, 
-1541893101L, 52146627L, -1075907593L, -1680407387L, 920469415L, 
-1015940858L, -350396327L, 239071752L, -1200722160L, 926971904L, 
1994288473L, 2073004329L, -931389232L, 1323791254L, -1429938265L, 
219370153L, 533407914L, 1722101050L, -1391359539L, -1543900249L, 
-689006178L, -909646396L, 2089830059L, -2120208078L, 1695923662L, 
239649912L, 725101331L, -1770253216L, 1140129979L, -1944914323L, 
-1401304043L, -1317222790L, 334114540L, -383188855L, 1138844401L, 
1221673653L, 993775060L, -1699834542L, -320068531L, 1203040513L, 
-1662016934L, -768663927L, -415604963L, -1241106478L, -336056246L, 
1740191726L, 1220718392L, -1101271312L, -964237410L, -853914766L, 
-1079555484L, 1282119825L, 825814332L, 1888594644L, -923243032L, 
365242107L, 283528541L, -422818318L, 1521165726L, 470465566L, 
1964709341L, -2116148975L, 1616692741L, 665287243L, -1646795299L, 
1398196084L, -90914686L, 1734905046L, -519540705L, 334554628L, 
559213111L, -1532886672L, -1597587907L, -1835849870L, 1904728049L, 
-1451825551L, 930215813L, -680203704L, -453604700L, 198686921L, 
956016193L, -1668886145L, -4505572L, -306565531L, -866705985L, 
1104095423L, 1833935617L, 1622884126L, 585788714L, -1525270441L, 
-372726289L, -2124840815L, 929234419L, 164843805L, 549004126L, 
1044002989L, 1681380428L, -1608884873L, -1329970738L, -1759690240L, 
-607620487L, 799211337L, 1849360850L, -1275299508L, -892181433L, 
-988831626L, -24015630L, 962415410L, 757288085L, -1175314435L, 
193733514L, 748309020L, -828478877L, 1730795070L, 345980053L, 
1863593177L, -838464733L, -716599407L, -1030920872L, -1122067698L, 
-1363978909L, 1787303194L, 1389038291L, -1031235602L, 1259137928L, 
1836564492L, -1736248523L, -675297552L, -1571944213L, 431973224L, 
-134673954L, 52275760L, -1515949745L, -775207881L, -884443008L, 
1631994591L, -1121437553L, 1477675356L, -1281112759L, -1132940361L, 
1763179293L, -1731026331L, -1140751539L, -33646162L, -428020666L, 
360597252L, 81021167L, -722982970L, 178310344L, 60356960L, -1813320270L, 
1038514264L, -1689684590L, 1457130259L, 1790520973L, -1473152626L, 
2026136474L, -875859004L, -1035145160L, -1151162221L, -839602522L, 
-823151895L, 1276287438L, -1543612548L, 754348003L, 1153781784L, 
-89511L, -941560826L, 1329506669L, -1066694045L, 228783896L, 
1814807885L, -541726481L, -253070368L, 374461374L, -2020934673L, 
-1818902804L, 1379229780L, -1815755589L, -289540682L, -1416271056L, 
-1993717418L, 1520478580L, 229459441L, -53610997L, 1508644853L, 
28559037L, 1737559838L, 640658955L, -549336454L, 887878973L, 
397311087L, -1737879521L, 271524239L, -746322837L, 2064345934L, 
1392380636L, -1883375646L, -648925029L, -1488327134L, -1510220034L, 
-83742046L, 2145065485L, -1559598687L, 404911623L, -416448896L, 
485479157L, 2075252650L, -301203995L, 882359898L, -777563220L, 
-1187086479L, -530920302L, 1855743281L, -576991200L, 512135040L, 
936037325L, -2066954681L, -1053132726L, 1329273952L, 1032608207L, 
-83121464L, 1440416794L, 1432901052L, 868493566L, -425816498L, 
-851328377L, -1756583684L, 1616432729L, 505786126L, 979878811L, 
259717571L, 1624294171L, -337173421L, 79319911L, -1929630807L, 
-1947611234L, -985503191L, -269344038L, 2140103077L, -1066239560L, 
1640402730L, 1388586909L, 1587867941L, 1929641700L, 591271688L, 
-918084546L, 778177415L, 1275520154L, 455256631L, 777910954L, 
-1599306810L, 1903630065L, 252250385L, 1182910534L, 904792880L, 
784184816L, 1741101056L, -30806863L, -971656173L, 2120074948L, 
-591423217L, 1213677998L, 2118665314L, 654467356L, 364600661L, 
884444639L, -611201309L, 897469939L, -2089071674L, -1609023873L, 
-1755512006L, -1238673875L, -1449183972L, 1052699197L, -1962119500L, 
1050116080L, -921000652L, -2058485349L, -1837324276L, 1319867628L, 
-1796519647L, 306447645L, -1842876423L, -1621507742L, -213918305L, 
1612083423L, 1921977661L, 1884965541L, -1394044332L, -2002842731L, 
840170583L, 1573046975L, 469868427L, 394401319L, -1756038398L, 
1223815537L, 643240364L, -1085341359L, -232756867L, -794955336L, 
1459061214L, 524031722L, 1703882640L, -806800817L, -1054587327L, 
-1573425813L, -1038014869L, 767727493L, 251728626L, 757913557L, 
-1433393224L, 748683074L, 708872019L, -1935059131L, 291380233L, 
275568070L, -1967264179L, 1635342376L, 1426693957L, -454220832L, 
-1932976698L, -1485182574L, 2048731029L, -1484625353L, 959403380L, 
221513580L, -1777810237L, -620265759L, 912460261L, 167230737L, 
550348461L, 502357817L, 306030792L, 394014263L, -1813579779L, 
1398530732L, -656990384L, 623225458L, -1547435690L, -911716103L, 
803770806L, 519412312L, -506003364L, -1807082152L, 425875620L, 
-1926227679L, 139678235L, 721574477L, 531476292L, 196425150L, 
1121490515L, 480393197L, -1361770577L, -2063155059L, -936949384L, 
-563624458L, 833847108L, 1242896761L, 333919014L, -535797272L, 
893974087L, 1925258302L, -102915254L, -1081186302L, 74441824L, 
-1675967068L, -938649103L, 713428074L, -712815107L, -330123322L, 
940100165L, 487803828L, -366906756L, 202968640L, 919100355L, 
759783381L, -1149246196L, 400110007L, 1346568045L, -989071247L, 
1914768000L, 1878393820L, -843023704L, -1783887788L, -1824175938L, 
-228669059L, -1512748100L, -950961809L, 115811469L, -1238479818L, 
-2102679427L, -957709942L, 682173303L, -596710656L, 794104692L, 
-1100846507L, -1462178417L, -1326461217L, -2027049183L, 103074761L, 
-1468257678L, 587728460L, -454947893L, 592387935L, -1922358316L, 
-1363897397L, -1158752766L, -795105114L, 1599208444L, -1873343470L, 
1887372479L, -232735872L, 152218935L, 469595354L, -1573409216L, 
-784497449L, -776676418L, 1871954126L, 736985391L, -1203746356L, 
-388505858L, -1724603946L, 343052911L, 1602597072L, 993413357L, 
-1359899991L, 2146384620L, -2001704375L, 820775121L, 1334843178L, 
-1263071357L, 1532733402L, 499152661L, -1130687557L, -600140928L, 
-1640322805L, 1000978247L, 1402966369L, -1518807952L, 236444188L, 
-412387849L, 1879588335L, 93445085L, -129021702L, 695791986L, 
761615447L, -141966920L, -1031717028L, -1344399323L, 696523519L, 
-1839512155L, -2139255986L, -1664081836L, 1634209940L, 1434862953L, 
-1625381188L, -677512354L, -1348891022L, 1977261487L, -2024509189L, 
-1908519634L, 1327121532L, -1013316204L, 330900180L, -329064237L, 
495426370L, 1585799748L, 1196906114L, -1830459556L, -893262911L, 
-1717780431L, 556388688L, -134512657L, 1652399634L, -426561704L, 
-1979917790L, -1603542921L, 1384094644L, 704329205L, -1992497608L, 
1628870512L, 480537527L, -878376876L, -913878087L, 1524052817L, 
230885800L, -1553282005L, -955244819L, 368987635L, -671259218L, 
689614528L, -739225194L, -20103069L, 347060277L, 1394401021L, 
-1323493619L, -1197467233L, 717410289L, 420561787L, 1858718381L, 
1122737676L, -2067422153L, -282838957L, 585326914L, -4375677L, 
-1204617186L, -2022371637L, 1185592218L, 658300676L, 1829820499L, 
